Read_file	Genome_file	Adjusted_ANI	Naive_ANI	ANI_5-95_percentile	Eff_cov	Eff_lambda	Lambda_5-95_percentile	Median_cov	Mean_cov	Containment_ind	Contig_name
synthetic_simulated_reads/8-0.06694329500821695-synthetic.fq	./refs/MN-03.fa	100.00	90.92	99.82-101.11	0.045	0.045	0.04-0.05	1	0.054	2687/51326	NZ_CP081897.1 Klebsiella pneumoniae strain MN-03 chromosome, complete genome
